421 CFHT-megaprime-u9301-Betoule2013 lambda_c= 3.8097e+03 AB-Vega= 0.361 w95=733.4
     1 3.20000e+03 0.00000e+00
     2 3.20500e+03 0.00000e+00
     3 3.21000e+03 0.00000e+00
     4 3.21500e+03 0.00000e+00
     5 3.22000e+03 0.00000e+00
     6 3.22500e+03 0.00000e+00
     7 3.23000e+03 0.00000e+00
     8 3.23500e+03 0.00000e+00
     9 3.24000e+03 0.00000e+00
    10 3.24500e+03 0.00000e+00
    11 3.25000e+03 0.00000e+00
    12 3.25500e+03 0.00000e+00
    13 3.26000e+03 0.00000e+00
    14 3.26500e+03 0.00000e+00
    15 3.27000e+03 0.00000e+00
    16 3.27500e+03 0.00000e+00
    17 3.28000e+03 0.00000e+00
    18 3.28500e+03 1.00000e-04
    19 3.29000e+03 3.00000e-04
    20 3.29500e+03 5.00000e-04
    21 3.30000e+03 7.00000e-04
    22 3.30500e+03 1.00000e-03
    23 3.31000e+03 1.40000e-03
    24 3.31500e+03 2.00000e-03
    25 3.32000e+03 2.90000e-03
    26 3.32500e+03 4.30000e-03
    27 3.33000e+03 6.20000e-03
    28 3.33500e+03 9.10000e-03
    29 3.34000e+03 1.31000e-02
    30 3.34500e+03 1.89000e-02
    31 3.35000e+03 2.67000e-02
    32 3.35500e+03 3.65000e-02
    33 3.36000e+03 4.81000e-02
    34 3.36500e+03 6.09000e-02
    35 3.37000e+03 7.41000e-02
    36 3.37500e+03 8.71000e-02
    37 3.38000e+03 9.87000e-02
    38 3.38500e+03 1.08100e-01
    39 3.39000e+03 1.14800e-01
    40 3.39500e+03 1.18900e-01
    41 3.40000e+03 1.20800e-01
    42 3.40500e+03 1.21000e-01
    43 3.41000e+03 1.20100e-01
    44 3.41500e+03 1.18700e-01
    45 3.42000e+03 1.17600e-01
    46 3.42500e+03 1.16900e-01
    47 3.43000e+03 1.16400e-01
    48 3.43500e+03 1.16100e-01
    49 3.44000e+03 1.16900e-01
    50 3.44500e+03 1.20000e-01
    51 3.45000e+03 1.26100e-01
    52 3.45500e+03 1.34700e-01
    53 3.46000e+03 1.44600e-01
    54 3.46500e+03 1.54000e-01
    55 3.47000e+03 1.60900e-01
    56 3.47500e+03 1.64100e-01
    57 3.48000e+03 1.63400e-01
    58 3.48500e+03 1.59800e-01
    59 3.49000e+03 1.56400e-01
    60 3.49500e+03 1.56600e-01
    61 3.50000e+03 1.61000e-01
    62 3.50500e+03 1.68000e-01
    63 3.51000e+03 1.76000e-01
    64 3.51500e+03 1.83300e-01
    65 3.52000e+03 1.88700e-01
    66 3.52500e+03 1.92300e-01
    67 3.53000e+03 1.94500e-01
    68 3.53500e+03 1.96100e-01
    69 3.54000e+03 1.97800e-01
    70 3.54500e+03 1.99300e-01
    71 3.55000e+03 2.00400e-01
    72 3.55500e+03 2.00500e-01
    73 3.56000e+03 1.99400e-01
    74 3.56500e+03 1.96800e-01
    75 3.57000e+03 1.92600e-01
    76 3.57500e+03 1.86200e-01
    77 3.58000e+03 1.78000e-01
    78 3.58500e+03 1.68700e-01
    79 3.59000e+03 1.60600e-01
    80 3.59500e+03 1.56100e-01
    81 3.60000e+03 1.57000e-01
    82 3.60500e+03 1.63600e-01
    83 3.61000e+03 1.74300e-01
    84 3.61500e+03 1.86300e-01
    85 3.62000e+03 1.97500e-01
    86 3.62500e+03 2.06700e-01
    87 3.63000e+03 2.14000e-01
    88 3.63500e+03 2.20000e-01
    89 3.64000e+03 2.24700e-01
    90 3.64500e+03 2.27600e-01
    91 3.65000e+03 2.28300e-01
    92 3.65500e+03 2.26700e-01
    93 3.66000e+03 2.24100e-01
    94 3.66500e+03 2.22000e-01
    95 3.67000e+03 2.20500e-01
    96 3.67500e+03 2.18600e-01
    97 3.68000e+03 2.13800e-01
    98 3.68500e+03 2.04400e-01
    99 3.69000e+03 1.90800e-01
   100 3.69500e+03 1.75900e-01
   101 3.70000e+03 1.64100e-01
   102 3.70500e+03 1.59100e-01
   103 3.71000e+03 1.61800e-01
   104 3.71500e+03 1.69900e-01
   105 3.72000e+03 1.79300e-01
   106 3.72500e+03 1.86500e-01
   107 3.73000e+03 1.90000e-01
   108 3.73500e+03 1.90900e-01
   109 3.74000e+03 1.90400e-01
   110 3.74500e+03 1.88900e-01
   111 3.75000e+03 1.85700e-01
   112 3.75500e+03 1.80400e-01
   113 3.76000e+03 1.74500e-01
   114 3.76500e+03 1.71200e-01
   115 3.77000e+03 1.73900e-01
   116 3.77500e+03 1.83600e-01
   117 3.78000e+03 1.98100e-01
   118 3.78500e+03 2.12700e-01
   119 3.79000e+03 2.23200e-01
   120 3.79500e+03 2.28600e-01
   121 3.80000e+03 2.31000e-01
   122 3.80500e+03 2.34500e-01
   123 3.81000e+03 2.42400e-01
   124 3.81500e+03 2.55300e-01
   125 3.82000e+03 2.70800e-01
   126 3.82500e+03 2.85800e-01
   127 3.83000e+03 2.97900e-01
   128 3.83500e+03 3.06600e-01
   129 3.84000e+03 3.12600e-01
   130 3.84500e+03 3.16800e-01
   131 3.85000e+03 3.19400e-01
   132 3.85500e+03 3.20300e-01
   133 3.86000e+03 3.19800e-01
   134 3.86500e+03 3.18200e-01
   135 3.87000e+03 3.15400e-01
   136 3.87500e+03 3.11000e-01
   137 3.88000e+03 3.04300e-01
   138 3.88500e+03 2.95400e-01
   139 3.89000e+03 2.86000e-01
   140 3.89500e+03 2.78300e-01
   141 3.90000e+03 2.74700e-01
   142 3.90500e+03 2.76300e-01
   143 3.91000e+03 2.82000e-01
   144 3.91500e+03 2.89300e-01
   145 3.92000e+03 2.95400e-01
   146 3.92500e+03 2.98700e-01
   147 3.93000e+03 2.99400e-01
   148 3.93500e+03 2.99300e-01
   149 3.94000e+03 3.00200e-01
   150 3.94500e+03 3.03400e-01
   151 3.95000e+03 3.08700e-01
   152 3.95500e+03 3.14800e-01
   153 3.96000e+03 3.20400e-01
   154 3.96500e+03 3.24400e-01
   155 3.97000e+03 3.26100e-01
   156 3.97500e+03 3.26000e-01
   157 3.98000e+03 3.24400e-01
   158 3.98500e+03 3.22200e-01
   159 3.99000e+03 3.20100e-01
   160 3.99500e+03 3.18400e-01
   161 4.00000e+03 3.17300e-01
   162 4.00500e+03 3.16500e-01
   163 4.01000e+03 3.15400e-01
   164 4.01500e+03 3.13500e-01
   165 4.02000e+03 3.10500e-01
   166 4.02500e+03 3.07100e-01
   167 4.03000e+03 3.04500e-01
   168 4.03500e+03 3.03900e-01
   169 4.04000e+03 3.06500e-01
   170 4.04500e+03 3.12100e-01
   171 4.05000e+03 3.19700e-01
   172 4.05500e+03 3.27000e-01
   173 4.06000e+03 3.32000e-01
   174 4.06500e+03 3.33600e-01
   175 4.07000e+03 3.31800e-01
   176 4.07500e+03 3.27400e-01
   177 4.08000e+03 3.21600e-01
   178 4.08500e+03 3.14800e-01
   179 4.09000e+03 3.07100e-01
   180 4.09500e+03 2.97400e-01
   181 4.10000e+03 2.84600e-01
   182 4.10500e+03 2.68200e-01
   183 4.11000e+03 2.48100e-01
   184 4.11500e+03 2.25600e-01
   185 4.12000e+03 2.01900e-01
   186 4.12500e+03 1.78300e-01
   187 4.13000e+03 1.55800e-01
   188 4.13500e+03 1.35000e-01
   189 4.14000e+03 1.16300e-01
   190 4.14500e+03 9.98000e-02
   191 4.15000e+03 8.55000e-02
   192 4.15500e+03 7.30000e-02
   193 4.16000e+03 6.25000e-02
   194 4.16500e+03 5.35000e-02
   195 4.17000e+03 4.59000e-02
   196 4.17500e+03 3.94000e-02
   197 4.18000e+03 3.39000e-02
   198 4.18500e+03 2.93000e-02
   199 4.19000e+03 2.53000e-02
   200 4.19500e+03 2.19000e-02
   201 4.20000e+03 1.91000e-02
   202 4.20500e+03 1.66000e-02
   203 4.21000e+03 1.44000e-02
   204 4.21500e+03 1.26000e-02
   205 4.22000e+03 1.10000e-02
   206 4.22500e+03 9.60000e-03
   207 4.23000e+03 8.40000e-03
   208 4.23500e+03 7.40000e-03
   209 4.24000e+03 6.50000e-03
   210 4.24500e+03 5.70000e-03
   211 4.25000e+03 5.10000e-03
   212 4.25500e+03 4.50000e-03
   213 4.26000e+03 4.00000e-03
   214 4.26500e+03 3.50000e-03
   215 4.27000e+03 3.20000e-03
   216 4.27500e+03 2.90000e-03
   217 4.28000e+03 2.60000e-03
   218 4.28500e+03 2.40000e-03
   219 4.29000e+03 2.20000e-03
   220 4.29500e+03 2.00000e-03
   221 4.30000e+03 1.90000e-03
   222 4.30500e+03 1.80000e-03
   223 4.31000e+03 1.60000e-03
   224 4.31500e+03 1.30000e-03
   225 4.32000e+03 8.00000e-04
   226 4.32500e+03 3.00000e-04
   227 4.33000e+03 0.00000e+00
   228 4.33500e+03 0.00000e+00
   229 4.34000e+03 0.00000e+00
   230 4.34500e+03 0.00000e+00
   231 4.35000e+03 0.00000e+00
   232 4.35500e+03 0.00000e+00
   233 4.36000e+03 0.00000e+00
   234 4.36500e+03 0.00000e+00
   235 4.37000e+03 0.00000e+00
   236 4.37500e+03 0.00000e+00
   237 4.38000e+03 0.00000e+00
   238 4.38500e+03 0.00000e+00
   239 4.39000e+03 0.00000e+00
   240 4.39500e+03 0.00000e+00
   241 4.40000e+03 0.00000e+00
   242 4.40500e+03 0.00000e+00
   243 4.41000e+03 0.00000e+00
   244 4.41500e+03 0.00000e+00
   245 4.42000e+03 0.00000e+00
   246 4.42500e+03 0.00000e+00
   247 4.43000e+03 0.00000e+00
   248 4.43500e+03 0.00000e+00
   249 4.44000e+03 0.00000e+00
   250 4.44500e+03 0.00000e+00
   251 4.45000e+03 0.00000e+00
   252 4.45500e+03 0.00000e+00
   253 4.46000e+03 0.00000e+00
   254 4.46500e+03 0.00000e+00
   255 4.47000e+03 0.00000e+00
   256 4.47500e+03 0.00000e+00
   257 4.48000e+03 0.00000e+00
   258 4.48500e+03 0.00000e+00
   259 4.49000e+03 0.00000e+00
   260 4.49500e+03 0.00000e+00
   261 4.50000e+03 0.00000e+00
   262 4.50500e+03 0.00000e+00
   263 4.51000e+03 0.00000e+00
   264 4.51500e+03 0.00000e+00
   265 4.52000e+03 0.00000e+00
   266 4.52500e+03 0.00000e+00
   267 4.53000e+03 0.00000e+00
   268 4.53500e+03 0.00000e+00
   269 4.54000e+03 0.00000e+00
   270 4.54500e+03 0.00000e+00
   271 4.55000e+03 0.00000e+00
   272 4.55500e+03 0.00000e+00
   273 4.56000e+03 0.00000e+00
   274 4.56500e+03 0.00000e+00
   275 4.57000e+03 0.00000e+00
   276 4.57500e+03 0.00000e+00
   277 4.58000e+03 0.00000e+00
   278 4.58500e+03 0.00000e+00
   279 4.59000e+03 0.00000e+00
   280 4.59500e+03 0.00000e+00
   281 4.60000e+03 0.00000e+00
   282 4.60500e+03 0.00000e+00
   283 4.61000e+03 0.00000e+00
   284 4.61500e+03 0.00000e+00
   285 4.62000e+03 0.00000e+00
   286 4.62500e+03 0.00000e+00
   287 4.63000e+03 0.00000e+00
   288 4.63500e+03 0.00000e+00
   289 4.64000e+03 0.00000e+00
   290 4.64500e+03 0.00000e+00
   291 4.65000e+03 0.00000e+00
   292 4.65500e+03 0.00000e+00
   293 4.66000e+03 0.00000e+00
   294 4.66500e+03 0.00000e+00
   295 4.67000e+03 0.00000e+00
   296 4.67500e+03 0.00000e+00
   297 4.68000e+03 0.00000e+00
   298 4.68500e+03 0.00000e+00
   299 4.69000e+03 0.00000e+00
   300 4.69500e+03 0.00000e+00
   301 4.70000e+03 0.00000e+00
   302 4.70500e+03 0.00000e+00
   303 4.71000e+03 0.00000e+00
   304 4.71500e+03 0.00000e+00
   305 4.72000e+03 0.00000e+00
   306 4.72500e+03 0.00000e+00
   307 4.73000e+03 0.00000e+00
   308 4.73500e+03 0.00000e+00
   309 4.74000e+03 0.00000e+00
   310 4.74500e+03 0.00000e+00
   311 4.75000e+03 0.00000e+00
   312 4.75500e+03 0.00000e+00
   313 4.76000e+03 0.00000e+00
   314 4.76500e+03 0.00000e+00
   315 4.77000e+03 0.00000e+00
   316 4.77500e+03 0.00000e+00
   317 4.78000e+03 0.00000e+00
   318 4.78500e+03 0.00000e+00
   319 4.79000e+03 0.00000e+00
   320 4.79500e+03 0.00000e+00
   321 4.80000e+03 0.00000e+00
   322 4.80500e+03 0.00000e+00
   323 4.81000e+03 0.00000e+00
   324 4.81500e+03 0.00000e+00
   325 4.82000e+03 0.00000e+00
   326 4.82500e+03 0.00000e+00
   327 4.83000e+03 0.00000e+00
   328 4.83500e+03 0.00000e+00
   329 4.84000e+03 0.00000e+00
   330 4.84500e+03 0.00000e+00
   331 4.85000e+03 0.00000e+00
   332 4.85500e+03 0.00000e+00
   333 4.86000e+03 0.00000e+00
   334 4.86500e+03 0.00000e+00
   335 4.87000e+03 0.00000e+00
   336 4.87500e+03 0.00000e+00
   337 4.88000e+03 0.00000e+00
   338 4.88500e+03 0.00000e+00
   339 4.89000e+03 0.00000e+00
   340 4.89500e+03 0.00000e+00
   341 4.90000e+03 0.00000e+00
   342 4.90500e+03 0.00000e+00
   343 4.91000e+03 0.00000e+00
   344 4.91500e+03 0.00000e+00
   345 4.92000e+03 0.00000e+00
   346 4.92500e+03 0.00000e+00
   347 4.93000e+03 0.00000e+00
   348 4.93500e+03 0.00000e+00
   349 4.94000e+03 0.00000e+00
   350 4.94500e+03 0.00000e+00
   351 4.95000e+03 0.00000e+00
   352 4.95500e+03 0.00000e+00
   353 4.96000e+03 0.00000e+00
   354 4.96500e+03 0.00000e+00
   355 4.97000e+03 0.00000e+00
   356 4.97500e+03 0.00000e+00
   357 4.98000e+03 0.00000e+00
   358 4.98500e+03 0.00000e+00
   359 4.99000e+03 0.00000e+00
   360 4.99500e+03 0.00000e+00
   361 5.00000e+03 0.00000e+00
   362 5.00500e+03 0.00000e+00
   363 5.01000e+03 0.00000e+00
   364 5.01500e+03 0.00000e+00
   365 5.02000e+03 0.00000e+00
   366 5.02500e+03 0.00000e+00
   367 5.03000e+03 0.00000e+00
   368 5.03500e+03 0.00000e+00
   369 5.04000e+03 0.00000e+00
   370 5.04500e+03 0.00000e+00
   371 5.05000e+03 0.00000e+00
   372 5.05500e+03 0.00000e+00
   373 5.06000e+03 0.00000e+00
   374 5.06500e+03 0.00000e+00
   375 5.07000e+03 0.00000e+00
   376 5.07500e+03 0.00000e+00
   377 5.08000e+03 0.00000e+00
   378 5.08500e+03 0.00000e+00
   379 5.09000e+03 0.00000e+00
   380 5.09500e+03 0.00000e+00
   381 5.10000e+03 0.00000e+00
   382 5.10500e+03 0.00000e+00
   383 5.11000e+03 0.00000e+00
   384 5.11500e+03 0.00000e+00
   385 5.12000e+03 0.00000e+00
   386 5.12500e+03 0.00000e+00
   387 5.13000e+03 0.00000e+00
   388 5.13500e+03 0.00000e+00
   389 5.14000e+03 0.00000e+00
   390 5.14500e+03 0.00000e+00
   391 5.15000e+03 0.00000e+00
   392 5.15500e+03 0.00000e+00
   393 5.16000e+03 0.00000e+00
   394 5.16500e+03 0.00000e+00
   395 5.17000e+03 0.00000e+00
   396 5.17500e+03 0.00000e+00
   397 5.18000e+03 0.00000e+00
   398 5.18500e+03 0.00000e+00
   399 5.19000e+03 0.00000e+00
   400 5.19500e+03 0.00000e+00
   401 5.20000e+03 0.00000e+00
   402 5.20500e+03 0.00000e+00
   403 5.21000e+03 0.00000e+00
   404 5.21500e+03 0.00000e+00
   405 5.22000e+03 0.00000e+00
   406 5.22500e+03 0.00000e+00
   407 5.23000e+03 0.00000e+00
   408 5.23500e+03 0.00000e+00
   409 5.24000e+03 0.00000e+00
   410 5.24500e+03 0.00000e+00
   411 5.25000e+03 0.00000e+00
   412 5.25500e+03 0.00000e+00
   413 5.26000e+03 0.00000e+00
   414 5.26500e+03 0.00000e+00
   415 5.27000e+03 0.00000e+00
   416 5.27500e+03 0.00000e+00
   417 5.28000e+03 0.00000e+00
   418 5.28500e+03 0.00000e+00
   419 5.29000e+03 0.00000e+00
   420 5.29500e+03 0.00000e+00
   421 5.30000e+03 0.00000e+00
106 CFHT-megaprime-u9302-atmos+inst lambda_c= 3.6410e+03 AB-Vega= 0.705 w95=709.7
     1 3.00000e+03 0.00000e+00
     2 3.01000e+03 0.00000e+00
     3 3.02000e+03 0.00000e+00
     4 3.03000e+03 0.00000e+00
     5 3.04000e+03 0.00000e+00
     6 3.05000e+03 0.00000e+00
     7 3.06000e+03 0.00000e+00
     8 3.07000e+03 0.00000e+00
     9 3.08000e+03 0.00000e+00
    10 3.09000e+03 0.00000e+00
    11 3.10000e+03 0.00000e+00
    12 3.11000e+03 1.30105e-03
    13 3.12000e+03 2.82097e-03
    14 3.13000e+03 4.53845e-03
    15 3.14000e+03 6.44770e-03
    16 3.15000e+03 1.55012e-02
    17 3.16000e+03 2.54000e-02
    18 3.17000e+03 4.85371e-02
    19 3.18000e+03 7.21339e-02
    20 3.19000e+03 1.06679e-01
    21 3.20000e+03 1.42098e-01
    22 3.21000e+03 1.70405e-01
    23 3.22000e+03 2.00896e-01
    24 3.23000e+03 2.25149e-01
    25 3.24000e+03 2.49370e-01
    26 3.25000e+03 2.67410e-01
    27 3.26000e+03 2.85578e-01
    28 3.27000e+03 3.10859e-01
    29 3.28000e+03 3.35171e-01
    30 3.29000e+03 3.77112e-01
    31 3.30000e+03 4.20280e-01
    32 3.31000e+03 4.47210e-01
    33 3.32000e+03 4.74258e-01
    34 3.33000e+03 4.96139e-01
    35 3.34000e+03 5.14610e-01
    36 3.35000e+03 5.27115e-01
    37 3.36000e+03 5.40067e-01
    38 3.37000e+03 5.40422e-01
    39 3.38000e+03 5.42722e-01
    40 3.39000e+03 5.42411e-01
    41 3.40000e+03 5.44289e-01
    42 3.41000e+03 5.43818e-01
    43 3.42000e+03 5.45271e-01
    44 3.43000e+03 5.52590e-01
    45 3.44000e+03 5.56552e-01
    46 3.45000e+03 5.65440e-01
    47 3.46000e+03 5.71494e-01
    48 3.47000e+03 5.82221e-01
    49 3.48000e+03 5.93117e-01
    50 3.49000e+03 6.06144e-01
    51 3.50000e+03 6.18676e-01
    52 3.51000e+03 6.23782e-01
    53 3.52000e+03 6.31986e-01
    54 3.53000e+03 6.38328e-01
    55 3.54000e+03 6.45552e-01
    56 3.55000e+03 6.47920e-01
    57 3.56000e+03 6.49770e-01
    58 3.57000e+03 6.53474e-01
    59 3.58000e+03 6.53024e-01
    60 3.59000e+03 6.51712e-01
    61 3.60000e+03 6.53909e-01
    62 3.61000e+03 6.65097e-01
    63 3.62000e+03 6.75954e-01
    64 3.63000e+03 6.89272e-01
    65 3.64000e+03 7.08000e-01
    66 3.65000e+03 7.22097e-01
    67 3.66000e+03 7.32896e-01
    68 3.67000e+03 7.41585e-01
    69 3.68000e+03 7.46061e-01
    70 3.69000e+03 7.49060e-01
    71 3.70000e+03 7.56161e-01
    72 3.71000e+03 7.61711e-01
    73 3.72000e+03 7.62522e-01
    74 3.73000e+03 7.72973e-01
    75 3.74000e+03 7.79026e-01
    76 3.75000e+03 7.87781e-01
    77 3.76000e+03 7.96852e-01
    78 3.77000e+03 8.07558e-01
    79 3.78000e+03 8.19435e-01
    80 3.79000e+03 8.34021e-01
    81 3.80000e+03 8.45902e-01
    82 3.81000e+03 8.53036e-01
    83 3.82000e+03 8.64533e-01
    84 3.83000e+03 8.74570e-01
    85 3.84000e+03 8.85087e-01
    86 3.85000e+03 8.89317e-01
    87 3.86000e+03 8.95983e-01
    88 3.87000e+03 8.99844e-01
    89 3.88000e+03 9.01155e-01
    90 3.89000e+03 8.98661e-01
    91 3.90000e+03 8.96254e-01
    92 3.91000e+03 9.01234e-01
    93 3.92000e+03 9.05341e-01
    94 3.93000e+03 9.06883e-01
    95 3.94000e+03 9.05317e-01
    96 3.95000e+03 8.66687e-01
    97 3.96000e+03 7.34787e-01
    98 3.97000e+03 4.86234e-01
    99 3.98000e+03 2.32622e-01
   100 3.99000e+03 9.36600e-02
   101 4.00000e+03 3.55487e-02
   102 4.01000e+03 1.22902e-02
   103 4.02000e+03 4.87858e-03
   104 4.03000e+03 2.27834e-03
   105 4.04000e+03 1.03200e-03
   106 4.05000e+03 5.11731e-04
   494 WHT-LIRIS-J-Band lambda_c= 1.25025e+04
     1 1.10100e+00 1.37330e-02
     2 1.10161e+00 1.34587e-02
     3 1.10221e+00 1.32610e-02
     4 1.10282e+00 1.35780e-02
     5 1.10343e+00 1.31865e-02
     6 1.10403e+00 1.29684e-02
     7 1.10464e+00 1.30087e-02
     8 1.10524e+00 1.38115e-02
     9 1.10585e+00 1.28574e-02
    10 1.10645e+00 2.17301e-02
    11 1.10706e+00 1.81414e-02
    12 1.10766e+00 1.23975e-02
    13 1.10827e+00 1.35654e-02
    14 1.10887e+00 1.33031e-02
    15 1.10948e+00 1.32472e-02
    16 1.11009e+00 1.31771e-02
    17 1.11069e+00 1.33783e-02
    18 1.11130e+00 1.36424e-02
    19 1.11190e+00 1.35869e-02
    20 1.11251e+00 1.36759e-02
    21 1.11311e+00 1.34577e-02
    22 1.11372e+00 1.32630e-02
    23 1.11432e+00 1.33027e-02
    24 1.11493e+00 1.39676e-02
    25 1.11553e+00 1.39619e-02
    26 1.11614e+00 1.33658e-02
    27 1.11675e+00 1.35335e-02
    28 1.11735e+00 1.34056e-02
    29 1.11796e+00 1.36303e-02
    30 1.11856e+00 1.37594e-02
    31 1.11917e+00 1.35156e-02
    32 1.11977e+00 1.36890e-02
    33 1.12038e+00 1.38176e-02
    34 1.12098e+00 1.41855e-02
    35 1.12159e+00 1.43474e-02
    36 1.12220e+00 1.41169e-02
    37 1.12280e+00 1.39711e-02
    38 1.12341e+00 1.42964e-02
    39 1.12401e+00 1.44749e-02
    40 1.12462e+00 1.42835e-02
    41 1.12522e+00 1.41159e-02
    42 1.12583e+00 1.41553e-02
    43 1.12643e+00 1.44500e-02
    44 1.12704e+00 1.42614e-02
    45 1.12764e+00 1.46301e-02
    46 1.12825e+00 1.48765e-02
    47 1.12886e+00 1.47538e-02
    48 1.12946e+00 1.43565e-02
    49 1.13007e+00 1.48657e-02
    50 1.13067e+00 1.51344e-02
    51 1.13128e+00 1.52962e-02
    52 1.13188e+00 1.54758e-02
    53 1.13249e+00 1.50989e-02
    54 1.13309e+00 1.50581e-02
    55 1.13370e+00 1.53514e-02
    56 1.13430e+00 1.55027e-02
    57 1.13491e+00 1.58170e-02
    58 1.13552e+00 1.57166e-02
    59 1.13612e+00 1.54916e-02
    60 1.13673e+00 1.52769e-02
    61 1.13733e+00 1.54896e-02
    62 1.13794e+00 1.62406e-02
    63 1.13854e+00 1.58001e-02
    64 1.13915e+00 1.60803e-02
    65 1.13975e+00 1.59429e-02
    66 1.14036e+00 1.63269e-02
    67 1.14096e+00 1.68613e-02
    68 1.14157e+00 1.65162e-02
    69 1.14218e+00 1.69281e-02
    70 1.14278e+00 1.74398e-02
    71 1.14339e+00 1.75280e-02
    72 1.14399e+00 1.80130e-02
    73 1.14460e+00 1.84978e-02
    74 1.14520e+00 1.91883e-02
    75 1.14581e+00 2.03063e-02
    76 1.14641e+00 2.07926e-02
    77 1.14702e+00 2.80638e-02
    78 1.14762e+00 2.39904e-02
    79 1.14823e+00 2.44978e-02
    80 1.14884e+00 2.55281e-02
    81 1.14944e+00 2.61942e-02
    82 1.15005e+00 2.70626e-02
    83 1.15065e+00 2.76620e-02
    84 1.15126e+00 2.77335e-02
    85 1.15186e+00 2.77422e-02
    86 1.15247e+00 2.82605e-02
    87 1.15307e+00 2.76996e-02
    88 1.15368e+00 2.78088e-02
    89 1.15428e+00 2.85806e-02
    90 1.15489e+00 2.89685e-02
    91 1.15550e+00 2.94508e-02
    92 1.15610e+00 3.04341e-02
    93 1.15671e+00 3.15050e-02
    94 1.15731e+00 3.30893e-02
    95 1.15792e+00 3.50873e-02
    96 1.15852e+00 3.75460e-02
    97 1.15913e+00 4.06187e-02
    98 1.15973e+00 4.47518e-02
    99 1.16034e+00 5.01241e-02
   100 1.16095e+00 5.64791e-02
   101 1.16155e+00 6.49872e-02
   102 1.16216e+00 7.61978e-02
   103 1.16276e+00 9.04954e-02
   104 1.16337e+00 1.07496e-01
   105 1.16397e+00 1.28407e-01
   106 1.16458e+00 1.52739e-01
   107 1.16518e+00 1.79164e-01
   108 1.16579e+00 2.06134e-01
   109 1.16639e+00 2.31934e-01
   110 1.16700e+00 2.54886e-01
   111 1.16761e+00 2.74772e-01
   112 1.16821e+00 2.90400e-01
   113 1.16882e+00 3.03877e-01
   114 1.16942e+00 3.16953e-01
   115 1.17003e+00 3.29628e-01
   116 1.17063e+00 3.43851e-01
   117 1.17124e+00 3.61561e-01
   118 1.17184e+00 3.81963e-01
   119 1.17245e+00 4.06760e-01
   120 1.17305e+00 4.36967e-01
   121 1.17366e+00 4.71551e-01
   122 1.17427e+00 5.09911e-01
   123 1.17487e+00 5.50434e-01
   124 1.17548e+00 5.94449e-01
   125 1.17608e+00 6.37994e-01
   126 1.17669e+00 6.79123e-01
   127 1.17729e+00 7.14453e-01
   128 1.17790e+00 7.44310e-01
   129 1.17850e+00 7.65742e-01
   130 1.17911e+00 7.81532e-01
   131 1.17971e+00 7.91332e-01
   132 1.18032e+00 7.94459e-01
   133 1.18093e+00 7.95772e-01
   134 1.18153e+00 7.96168e-01
   135 1.18214e+00 7.92535e-01
   136 1.18274e+00 7.92137e-01
   137 1.18335e+00 7.90953e-01
   138 1.18395e+00 7.93078e-01
   139 1.18456e+00 7.95611e-01
   140 1.18516e+00 7.98688e-01
   141 1.18577e+00 8.02771e-01
   142 1.18637e+00 8.04858e-01
   143 1.18698e+00 8.08395e-01
   144 1.18759e+00 8.08823e-01
   145 1.18819e+00 8.07762e-01
   146 1.18880e+00 8.07891e-01
   147 1.18940e+00 8.05342e-01
   148 1.19001e+00 7.99581e-01
   149 1.19061e+00 7.94554e-01
   150 1.19122e+00 7.89370e-01
   151 1.19182e+00 7.82603e-01
   152 1.19243e+00 7.76218e-01
   153 1.19303e+00 7.69785e-01
   154 1.19364e+00 7.67774e-01
   155 1.19425e+00 7.65694e-01
   156 1.19485e+00 7.46623e-01
   157 1.19546e+00 7.40776e-01
   158 1.19606e+00 7.52483e-01
   159 1.19667e+00 7.54389e-01
   160 1.19727e+00 7.56989e-01
   161 1.19788e+00 7.59697e-01
   162 1.19848e+00 7.64777e-01
   163 1.19909e+00 7.68065e-01
   164 1.19969e+00 7.73118e-01
   165 1.20030e+00 7.79932e-01
   166 1.20091e+00 7.82978e-01
   167 1.20151e+00 7.86499e-01
   168 1.20212e+00 7.89401e-01
   169 1.20272e+00 7.92860e-01
   170 1.20333e+00 7.93131e-01
   171 1.20393e+00 7.93883e-01
   172 1.20454e+00 7.93530e-01
   173 1.20514e+00 7.92296e-01
   174 1.20575e+00 7.89219e-01
   175 1.20636e+00 7.84821e-01
   176 1.20696e+00 7.80784e-01
   177 1.20757e+00 7.77318e-01
   178 1.20817e+00 7.74540e-01
   179 1.20878e+00 7.71602e-01
   180 1.20938e+00 7.68758e-01
   181 1.20999e+00 7.64800e-01
   182 1.21059e+00 7.62127e-01
   183 1.21120e+00 7.59974e-01
   184 1.21180e+00 7.58193e-01
   185 1.21241e+00 7.59713e-01
   186 1.21302e+00 7.58580e-01
   187 1.21362e+00 7.59013e-01
   188 1.21423e+00 7.61160e-01
   189 1.21483e+00 7.62309e-01
   190 1.21544e+00 7.64239e-01
   191 1.21604e+00 7.67144e-01
   192 1.21665e+00 7.69930e-01
   193 1.21725e+00 7.72540e-01
   194 1.21786e+00 7.74316e-01
   195 1.21846e+00 7.76226e-01
   196 1.21907e+00 7.78757e-01
   197 1.21968e+00 7.80482e-01
   198 1.22028e+00 7.82190e-01
   199 1.22089e+00 7.83451e-01
   200 1.22149e+00 7.84534e-01
   201 1.22210e+00 7.85835e-01
   202 1.22270e+00 7.86229e-01
   203 1.22331e+00 7.88207e-01
   204 1.22391e+00 7.89564e-01
   205 1.22452e+00 7.90110e-01
   206 1.22512e+00 7.91564e-01
   207 1.22573e+00 7.93527e-01
   208 1.22634e+00 7.97244e-01
   209 1.22694e+00 7.94573e-01
   210 1.22755e+00 7.97081e-01
   211 1.22815e+00 7.97808e-01
   212 1.22876e+00 7.98559e-01
   213 1.22936e+00 8.00175e-01
   214 1.22997e+00 8.01800e-01
   215 1.23057e+00 8.04312e-01
   216 1.23118e+00 8.05614e-01
   217 1.23178e+00 8.07788e-01
   218 1.23239e+00 8.08089e-01
   219 1.23300e+00 8.07693e-01
   220 1.23360e+00 8.09401e-01
   221 1.23421e+00 8.11081e-01
   222 1.23481e+00 8.10732e-01
   223 1.23542e+00 8.13309e-01
   224 1.23602e+00 8.11847e-01
   225 1.23663e+00 8.11544e-01
   226 1.23723e+00 8.11922e-01
   227 1.23784e+00 8.12375e-01
   228 1.23845e+00 8.11470e-01
   229 1.23905e+00 8.10954e-01
   230 1.23966e+00 8.11179e-01
   231 1.24026e+00 8.11342e-01
   232 1.24087e+00 8.11966e-01
   233 1.24147e+00 8.12274e-01
   234 1.24208e+00 8.12509e-01
   235 1.24268e+00 8.12091e-01
   236 1.24329e+00 8.12205e-01
   237 1.24389e+00 8.13489e-01
   238 1.24450e+00 8.13521e-01
   239 1.24511e+00 8.13848e-01
   240 1.24571e+00 8.14661e-01
   241 1.24632e+00 8.14599e-01
   242 1.24692e+00 8.14928e-01
   243 1.24753e+00 8.15845e-01
   244 1.24813e+00 8.15594e-01
   245 1.24874e+00 8.15974e-01
   246 1.24934e+00 8.15995e-01
   247 1.24995e+00 8.14467e-01
   248 1.25055e+00 8.13368e-01
   249 1.25116e+00 8.12176e-01
   250 1.25177e+00 8.11419e-01
   251 1.25237e+00 8.09353e-01
   252 1.25298e+00 8.07677e-01
   253 1.25358e+00 8.06770e-01
   254 1.25419e+00 8.05490e-01
   255 1.25479e+00 8.03629e-01
   256 1.25540e+00 8.01948e-01
   257 1.25600e+00 7.99616e-01
   258 1.25661e+00 7.99758e-01
   259 1.25721e+00 7.98669e-01
   260 1.25782e+00 7.97891e-01
   261 1.25843e+00 7.97816e-01
   262 1.25903e+00 7.99466e-01
   263 1.25964e+00 7.98763e-01
   264 1.26024e+00 8.00377e-01
   265 1.26085e+00 8.01413e-01
   266 1.26145e+00 8.02398e-01
   267 1.26206e+00 8.04880e-01
   268 1.26266e+00 8.06518e-01
   269 1.26327e+00 8.08372e-01
   270 1.26387e+00 8.10577e-01
   271 1.26448e+00 8.13442e-01
   272 1.26509e+00 8.16640e-01
   273 1.26569e+00 8.19599e-01
   274 1.26630e+00 8.21995e-01
   275 1.26690e+00 8.24133e-01
   276 1.26751e+00 8.26364e-01
   277 1.26811e+00 8.28008e-01
   278 1.26872e+00 8.30684e-01
   279 1.26932e+00 8.31761e-01
   280 1.26993e+00 8.32330e-01
   281 1.27053e+00 8.32561e-01
   282 1.27114e+00 8.33819e-01
   283 1.27175e+00 8.33318e-01
   284 1.27235e+00 8.32317e-01
   285 1.27296e+00 8.31114e-01
   286 1.27356e+00 8.30019e-01
   287 1.27417e+00 8.28640e-01
   288 1.27477e+00 8.27522e-01
   289 1.27538e+00 8.26461e-01
   290 1.27598e+00 8.24667e-01
   291 1.27659e+00 8.22176e-01
   292 1.27719e+00 8.20916e-01
   293 1.27780e+00 8.19336e-01
   294 1.27841e+00 8.17473e-01
   295 1.27901e+00 8.16447e-01
   296 1.27962e+00 8.16348e-01
   297 1.28022e+00 8.15400e-01
   298 1.28083e+00 8.14472e-01
   299 1.28143e+00 8.15034e-01
   300 1.28204e+00 8.15879e-01
   301 1.28264e+00 8.16915e-01
   302 1.28325e+00 8.18819e-01
   303 1.28386e+00 8.20255e-01
   304 1.28446e+00 8.21595e-01
   305 1.28507e+00 8.24203e-01
   306 1.28567e+00 8.26796e-01
   307 1.28628e+00 8.28709e-01
   308 1.28688e+00 8.31442e-01
   309 1.28749e+00 8.34906e-01
   310 1.28809e+00 8.37017e-01
   311 1.28870e+00 8.39392e-01
   312 1.28930e+00 8.41048e-01
   313 1.28991e+00 8.43335e-01
   314 1.29052e+00 8.47014e-01
   315 1.29112e+00 8.47563e-01
   316 1.29173e+00 8.48723e-01
   317 1.29233e+00 8.50677e-01
   318 1.29294e+00 8.50521e-01
   319 1.29354e+00 8.50980e-01
   320 1.29415e+00 8.50643e-01
   321 1.29475e+00 8.50566e-01
   322 1.29536e+00 8.50277e-01
   323 1.29596e+00 8.49202e-01
   324 1.29657e+00 8.49603e-01
   325 1.29718e+00 8.49117e-01
   326 1.29778e+00 8.47754e-01
   327 1.29839e+00 8.46392e-01
   328 1.29899e+00 8.46663e-01
   329 1.29960e+00 8.46096e-01
   330 1.30020e+00 8.46719e-01
   331 1.30081e+00 8.46839e-01
   332 1.30141e+00 8.46550e-01
   333 1.30202e+00 8.48040e-01
   334 1.30262e+00 8.48770e-01
   335 1.30323e+00 8.48682e-01
   336 1.30384e+00 8.48816e-01
   337 1.30444e+00 8.49175e-01
   338 1.30505e+00 8.48213e-01
   339 1.30565e+00 8.46885e-01
   340 1.30626e+00 8.46240e-01
   341 1.30686e+00 8.44857e-01
   342 1.30747e+00 8.43452e-01
   343 1.30807e+00 8.38712e-01
   344 1.30868e+00 8.36491e-01
   345 1.30928e+00 8.33428e-01
   346 1.30989e+00 8.29560e-01
   347 1.31050e+00 8.27187e-01
   348 1.31110e+00 8.23509e-01
   349 1.31171e+00 8.20956e-01
   350 1.31231e+00 8.18039e-01
   351 1.31292e+00 8.16720e-01
   352 1.31352e+00 8.15858e-01
   353 1.31413e+00 8.16465e-01
   354 1.31473e+00 8.16038e-01
   355 1.31534e+00 8.17002e-01
   356 1.31595e+00 8.19687e-01
   357 1.31655e+00 8.22896e-01
   358 1.31716e+00 8.25783e-01
   359 1.31776e+00 8.28678e-01
   360 1.31837e+00 8.31047e-01
   361 1.31897e+00 8.32956e-01
   362 1.31958e+00 8.33015e-01
   363 1.32018e+00 8.30002e-01
   364 1.32079e+00 8.24484e-01
   365 1.32139e+00 8.15097e-01
   366 1.32200e+00 8.01894e-01
   367 1.32261e+00 7.85081e-01
   368 1.32321e+00 7.62261e-01
   369 1.32382e+00 7.35479e-01
   370 1.32442e+00 7.05264e-01
   371 1.32503e+00 6.71133e-01
   372 1.32563e+00 6.34756e-01
   373 1.32624e+00 5.96667e-01
   374 1.32684e+00 5.57525e-01
   375 1.32745e+00 5.18657e-01
   376 1.32805e+00 4.80311e-01
   377 1.32866e+00 4.43339e-01
   378 1.32927e+00 4.08452e-01
   379 1.32987e+00 3.75051e-01
   380 1.33048e+00 3.44981e-01
   381 1.33108e+00 3.15384e-01
   382 1.33169e+00 2.88166e-01
   383 1.33229e+00 2.63126e-01
   384 1.33290e+00 2.39850e-01
   385 1.33350e+00 2.18922e-01
   386 1.33411e+00 2.00059e-01
   387 1.33471e+00 1.82302e-01
   388 1.33532e+00 1.65846e-01
   389 1.33593e+00 1.50822e-01
   390 1.33653e+00 1.36912e-01
   391 1.33714e+00 1.23976e-01
   392 1.33774e+00 1.11745e-01
   393 1.33835e+00 1.01396e-01
   394 1.33895e+00 9.23417e-02
   395 1.33956e+00 8.35668e-02
   396 1.34016e+00 7.58511e-02
   397 1.34077e+00 6.90623e-02
   398 1.34137e+00 6.28773e-02
   399 1.34198e+00 5.73844e-02
   400 1.34259e+00 5.16924e-02
   401 1.34319e+00 4.74145e-02
   402 1.34380e+00 4.37432e-02
   403 1.34440e+00 4.00151e-02
   404 1.34501e+00 3.72936e-02
   405 1.34561e+00 3.51399e-02
   406 1.34622e+00 3.09462e-02
   407 1.34682e+00 5.14172e-02
   408 1.34743e+00 3.85676e-02
   409 1.34803e+00 2.73081e-02
   410 1.34864e+00 2.75951e-02
   411 1.34925e+00 2.58210e-02
   412 1.34985e+00 2.52620e-02
   413 1.35046e+00 2.41764e-02
   414 1.35106e+00 2.35141e-02
   415 1.35167e+00 2.26479e-02
   416 1.35227e+00 2.18327e-02
   417 1.35288e+00 2.13253e-02
   418 1.35348e+00 2.12675e-02
   419 1.35409e+00 2.08166e-02
   420 1.35469e+00 2.09560e-02
   421 1.35530e+00 2.11812e-02
   422 1.35591e+00 2.07883e-02
   423 1.35651e+00 2.07433e-02
   424 1.35712e+00 1.95932e-02
   425 1.35772e+00 1.94309e-02
   426 1.35833e+00 1.98026e-02
   427 1.35893e+00 2.00159e-02
   428 1.35954e+00 1.88312e-02
   429 1.36014e+00 1.93393e-02
   430 1.36075e+00 1.94030e-02
   431 1.36136e+00 1.97125e-02
   432 1.36196e+00 1.95290e-02
   433 1.36257e+00 1.96272e-02
   434 1.36317e+00 1.90286e-02
   435 1.36378e+00 1.93637e-02
   436 1.36438e+00 1.86031e-02
   437 1.36499e+00 1.92598e-02
   438 1.36559e+00 1.86087e-02
   439 1.36620e+00 1.83756e-02
   440 1.36680e+00 1.81874e-02
   441 1.36741e+00 1.86028e-02
   442 1.36802e+00 1.86117e-02
   443 1.36862e+00 1.82069e-02
   444 1.36923e+00 1.83147e-02
   445 1.36983e+00 1.85268e-02
   446 1.37044e+00 1.81002e-02
   447 1.37104e+00 1.79584e-02
   448 1.37165e+00 1.82606e-02
   449 1.37225e+00 1.76800e-02
   450 1.37286e+00 1.73002e-02
   451 1.37346e+00 1.75104e-02
   452 1.37407e+00 1.76203e-02
   453 1.37468e+00 1.75528e-02
   454 1.37528e+00 1.73549e-02
   455 1.37589e+00 1.72405e-02
   456 1.37649e+00 1.69759e-02
   457 1.37710e+00 1.73426e-02
   458 1.37770e+00 1.75572e-02
   459 1.37831e+00 1.72528e-02
   460 1.37891e+00 1.66602e-02
   461 1.37952e+00 1.71283e-02
   462 1.38012e+00 1.71545e-02
   463 1.38073e+00 1.73365e-02
   464 1.38134e+00 1.72416e-02
   465 1.38194e+00 1.76024e-02
   466 1.38255e+00 1.73388e-02
   467 1.38315e+00 1.70153e-02
   468 1.38376e+00 1.72848e-02
   469 1.38436e+00 1.71961e-02
   470 1.38497e+00 1.69936e-02
   471 1.38557e+00 1.68671e-02
   472 1.38618e+00 1.67271e-02
   473 1.38678e+00 1.62742e-02
   474 1.38739e+00 1.64288e-02
   475 1.38800e+00 1.66692e-02
   476 1.38860e+00 1.65815e-02
   477 1.38921e+00 1.68489e-02
   478 1.38981e+00 1.64046e-02
   479 1.39042e+00 1.58069e-02
   480 1.39102e+00 1.59252e-02
   481 1.39163e+00 1.67162e-02
   482 1.39223e+00 1.68235e-02
   483 1.39284e+00 1.59436e-02
   484 1.39345e+00 1.56275e-02
   485 1.39405e+00 1.57885e-02
   486 1.39466e+00 1.58980e-02
   487 1.39526e+00 1.65586e-02
   488 1.39587e+00 1.69962e-02
   489 1.39647e+00 1.72280e-02
   490 1.39708e+00 1.69121e-02
   491 1.39768e+00 1.63112e-02
   492 1.39829e+00 1.54265e-02
   493 1.39889e+00 1.54286e-02
   494 1.39950e+00 1.59204e-02
   512 WHT-LIRIS-Ks-Band lambda_c= 2.14761e+04
     1 1.90165e+00 1.78071e-02
     2 1.90261e+00 1.68370e-02
     3 1.90358e+00 1.74374e-02
     4 1.90454e+00 2.01231e-02
     5 1.90550e+00 2.28393e-02
     6 1.90646e+00 2.09905e-02
     7 1.90743e+00 1.76241e-02
     8 1.90839e+00 1.49378e-02
     9 1.90935e+00 1.57426e-02
    10 1.91031e+00 1.61921e-02
    11 1.91128e+00 1.76698e-02
    12 1.91224e+00 1.99220e-02
    13 1.91320e+00 2.08160e-02
    14 1.91416e+00 2.04610e-02
    15 1.91513e+00 1.91333e-02
    16 1.91609e+00 1.71579e-02
    17 1.91705e+00 1.53120e-02
    18 1.91802e+00 1.49678e-02
    19 1.91898e+00 1.67002e-02
    20 1.91994e+00 1.97351e-02
    21 1.92090e+00 1.94141e-02
    22 1.92187e+00 1.70327e-02
    23 1.92283e+00 1.58192e-02
    24 1.92379e+00 1.56325e-02
    25 1.92475e+00 1.56214e-02
    26 1.92572e+00 1.55626e-02
    27 1.92668e+00 1.63152e-02
    28 1.92764e+00 1.71584e-02
    29 1.92860e+00 1.72770e-02
    30 1.92957e+00 1.70060e-02
    31 1.93053e+00 1.66161e-02
    32 1.93149e+00 1.61579e-02
    33 1.93246e+00 1.57955e-02
    34 1.93342e+00 1.55781e-02
    35 1.93438e+00 1.52297e-02
    36 1.93534e+00 1.53773e-02
    37 1.93631e+00 1.57633e-02
    38 1.93727e+00 1.65639e-02
    39 1.93823e+00 1.73926e-02
    40 1.93919e+00 1.79378e-02
    41 1.94016e+00 1.86359e-02
    42 1.94112e+00 1.71506e-02
    43 1.94208e+00 1.65660e-02
    44 1.94304e+00 1.67865e-02
    45 1.94401e+00 1.70020e-02
    46 1.94497e+00 1.74241e-02
    47 1.94593e+00 1.76690e-02
    48 1.94690e+00 1.80195e-02
    49 1.94786e+00 1.85494e-02
    50 1.94882e+00 1.88246e-02
    51 1.94978e+00 1.94497e-02
    52 1.95075e+00 1.95238e-02
    53 1.95171e+00 2.02681e-02
    54 1.95267e+00 2.13516e-02
    55 1.95363e+00 2.22736e-02
    56 1.95460e+00 2.34446e-02
    57 1.95556e+00 2.43990e-02
    58 1.95652e+00 2.53116e-02
    59 1.95748e+00 2.66219e-02
    60 1.95845e+00 2.78872e-02
    61 1.95941e+00 2.92713e-02
    62 1.96037e+00 3.08436e-02
    63 1.96133e+00 3.25990e-02
    64 1.96230e+00 3.47753e-02
    65 1.96326e+00 3.70642e-02
    66 1.96422e+00 3.93964e-02
    67 1.96519e+00 4.19657e-02
    68 1.96615e+00 4.46747e-02
    69 1.96711e+00 4.79975e-02
    70 1.96807e+00 5.17414e-02
    71 1.96904e+00 5.58536e-02
    72 1.97000e+00 6.03264e-02
    73 1.97096e+00 6.55349e-02
    74 1.97192e+00 7.14869e-02
    75 1.97289e+00 7.77576e-02
    76 1.97385e+00 8.48005e-02
    77 1.97481e+00 9.25348e-02
    78 1.97578e+00 1.01279e-01
    79 1.97674e+00 1.11002e-01
    80 1.97770e+00 1.21261e-01
    81 1.97866e+00 1.32847e-01
    82 1.97963e+00 1.46067e-01
    83 1.98059e+00 1.60718e-01
    84 1.98155e+00 1.76215e-01
    85 1.98251e+00 1.93124e-01
    86 1.98348e+00 2.11599e-01
    87 1.98444e+00 2.31658e-01
    88 1.98540e+00 2.53059e-01
    89 1.98636e+00 2.75870e-01
    90 1.98733e+00 3.01859e-01
    91 1.98829e+00 3.27677e-01
    92 1.98925e+00 3.54515e-01
    93 1.99021e+00 3.82827e-01
    94 1.99118e+00 4.12537e-01
    95 1.99214e+00 4.43069e-01
    96 1.99310e+00 4.72839e-01
    97 1.99407e+00 5.03908e-01
    98 1.99503e+00 5.34490e-01
    99 1.99599e+00 5.64149e-01
   100 1.99695e+00 5.93826e-01
   101 1.99792e+00 6.22301e-01
   102 1.99888e+00 6.49733e-01
   103 1.99984e+00 6.76058e-01
   104 2.00080e+00 7.00241e-01
   105 2.00177e+00 7.21342e-01
   106 2.00273e+00 7.43929e-01
   107 2.00369e+00 7.64389e-01
   108 2.00465e+00 7.81515e-01
   109 2.00562e+00 7.96984e-01
   110 2.00658e+00 8.10578e-01
   111 2.00754e+00 8.22483e-01
   112 2.00851e+00 8.32092e-01
   113 2.00947e+00 8.40473e-01
   114 2.01043e+00 8.46771e-01
   115 2.01139e+00 8.53225e-01
   116 2.01236e+00 8.58256e-01
   117 2.01332e+00 8.60753e-01
   118 2.01428e+00 8.62244e-01
   119 2.01524e+00 8.62789e-01
   120 2.01621e+00 8.64218e-01
   121 2.01717e+00 8.63608e-01
   122 2.01813e+00 8.62703e-01
   123 2.01909e+00 8.61795e-01
   124 2.02006e+00 8.60518e-01
   125 2.02102e+00 8.58115e-01
   126 2.02198e+00 8.56350e-01
   127 2.02295e+00 8.54508e-01
   128 2.02391e+00 8.52059e-01
   129 2.02487e+00 8.50254e-01
   130 2.02583e+00 8.47855e-01
   131 2.02680e+00 8.45817e-01
   132 2.02776e+00 8.43858e-01
   133 2.02872e+00 8.42747e-01
   134 2.02968e+00 8.41082e-01
   135 2.03065e+00 8.40267e-01
   136 2.03161e+00 8.38812e-01
   137 2.03257e+00 8.38293e-01
   138 2.03353e+00 8.37949e-01
   139 2.03450e+00 8.36997e-01
   140 2.03546e+00 8.36553e-01
   141 2.03642e+00 8.36645e-01
   142 2.03739e+00 8.37156e-01
   143 2.03835e+00 8.38259e-01
   144 2.03931e+00 8.39033e-01
   145 2.04027e+00 8.41295e-01
   146 2.04124e+00 8.42371e-01
   147 2.04220e+00 8.43755e-01
   148 2.04316e+00 8.44819e-01
   149 2.04412e+00 8.47556e-01
   150 2.04509e+00 8.49499e-01
   151 2.04605e+00 8.51806e-01
   152 2.04701e+00 8.54167e-01
   153 2.04797e+00 8.56820e-01
   154 2.04894e+00 8.58948e-01
   155 2.04990e+00 8.60955e-01
   156 2.05086e+00 8.63161e-01
   157 2.05183e+00 8.66389e-01
   158 2.05279e+00 8.68746e-01
   159 2.05375e+00 8.70799e-01
   160 2.05471e+00 8.73357e-01
   161 2.05568e+00 8.75531e-01
   162 2.05664e+00 8.77978e-01
   163 2.05760e+00 8.80537e-01
   164 2.05856e+00 8.83489e-01
   165 2.05953e+00 8.84825e-01
   166 2.06049e+00 8.86610e-01
   167 2.06145e+00 8.88889e-01
   168 2.06241e+00 8.90571e-01
   169 2.06338e+00 8.91631e-01
   170 2.06434e+00 8.92947e-01
   171 2.06530e+00 8.95201e-01
   172 2.06627e+00 8.95848e-01
   173 2.06723e+00 8.96672e-01
   174 2.06819e+00 8.97097e-01
   175 2.06915e+00 8.98566e-01
   176 2.07012e+00 8.99342e-01
   177 2.07108e+00 8.99181e-01
   178 2.07204e+00 9.00254e-01
   179 2.07300e+00 9.00459e-01
   180 2.07397e+00 9.00597e-01
   181 2.07493e+00 9.00327e-01
   182 2.07589e+00 9.01202e-01
   183 2.07685e+00 9.01207e-01
   184 2.07782e+00 9.01517e-01
   185 2.07878e+00 9.01535e-01
   186 2.07974e+00 9.02083e-01
   187 2.08071e+00 9.02409e-01
   188 2.08167e+00 9.01580e-01
   189 2.08263e+00 9.01366e-01
   190 2.08359e+00 9.02044e-01
   191 2.08456e+00 9.02526e-01
   192 2.08552e+00 9.02205e-01
   193 2.08648e+00 9.02700e-01
   194 2.08744e+00 9.03188e-01
   195 2.08841e+00 9.03354e-01
   196 2.08937e+00 9.03556e-01
   197 2.09033e+00 9.03463e-01
   198 2.09129e+00 9.03811e-01
   199 2.09226e+00 9.04478e-01
   200 2.09322e+00 9.04874e-01
   201 2.09418e+00 9.04799e-01
   202 2.09515e+00 9.05967e-01
   203 2.09611e+00 9.05715e-01
   204 2.09707e+00 9.06420e-01
   205 2.09803e+00 9.06569e-01
   206 2.09900e+00 9.08342e-01
   207 2.09996e+00 9.08621e-01
   208 2.10092e+00 9.08623e-01
   209 2.10188e+00 9.08587e-01
   210 2.10285e+00 9.09580e-01
   211 2.10381e+00 9.09741e-01
   212 2.10477e+00 9.10771e-01
   213 2.10573e+00 9.11412e-01
   214 2.10670e+00 9.11644e-01
   215 2.10766e+00 9.12263e-01
   216 2.10862e+00 9.12081e-01
   217 2.10959e+00 9.12786e-01
   218 2.11055e+00 9.12282e-01
   219 2.11151e+00 9.12476e-01
   220 2.11247e+00 9.11982e-01
   221 2.11344e+00 9.12710e-01
   222 2.11440e+00 9.12886e-01
   223 2.11536e+00 9.12440e-01
   224 2.11632e+00 9.11820e-01
   225 2.11729e+00 9.11620e-01
   226 2.11825e+00 9.11544e-01
   227 2.11921e+00 9.11165e-01
   228 2.12017e+00 9.09942e-01
   229 2.12114e+00 9.09191e-01
   230 2.12210e+00 9.08894e-01
   231 2.12306e+00 9.08193e-01
   232 2.12403e+00 9.07514e-01
   233 2.12499e+00 9.06547e-01
   234 2.12595e+00 9.05633e-01
   235 2.12691e+00 9.04444e-01
   236 2.12788e+00 9.02769e-01
   237 2.12884e+00 9.01886e-01
   238 2.12980e+00 9.00589e-01
   239 2.13076e+00 8.98614e-01
   240 2.13173e+00 8.96637e-01
   241 2.13269e+00 8.96200e-01
   242 2.13365e+00 8.94395e-01
   243 2.13461e+00 8.93311e-01
   244 2.13558e+00 8.91389e-01
   245 2.13654e+00 8.89760e-01
   246 2.13750e+00 8.88187e-01
   247 2.13846e+00 8.86437e-01
   248 2.13943e+00 8.84279e-01
   249 2.14039e+00 8.83113e-01
   250 2.14135e+00 8.81498e-01
   251 2.14232e+00 8.79817e-01
   252 2.14328e+00 8.77500e-01
   253 2.14424e+00 8.76558e-01
   254 2.14520e+00 8.75310e-01
   255 2.14617e+00 8.73924e-01
   256 2.14713e+00 8.71941e-01
   257 2.14809e+00 8.70184e-01
   258 2.14905e+00 8.68377e-01
   259 2.15002e+00 8.66750e-01
   260 2.15098e+00 8.64885e-01
   261 2.15194e+00 8.63705e-01
   262 2.15290e+00 8.63099e-01
   263 2.15387e+00 8.61869e-01
   264 2.15483e+00 8.59913e-01
   265 2.15579e+00 8.58297e-01
   266 2.15676e+00 8.57804e-01
   267 2.15772e+00 8.56271e-01
   268 2.15868e+00 8.54429e-01
   269 2.15964e+00 8.53684e-01
   270 2.16061e+00 8.53244e-01
   271 2.16157e+00 8.52222e-01
   272 2.16253e+00 8.50333e-01
   273 2.16349e+00 8.49947e-01
   274 2.16446e+00 8.49800e-01
   275 2.16542e+00 8.48812e-01
   276 2.16638e+00 8.47726e-01
   277 2.16734e+00 8.47437e-01
   278 2.16831e+00 8.47205e-01
   279 2.16927e+00 8.46709e-01
   280 2.17023e+00 8.46449e-01
   281 2.17120e+00 8.44791e-01
   282 2.17216e+00 8.45525e-01
   283 2.17312e+00 8.45788e-01
   284 2.17408e+00 8.45591e-01
   285 2.17505e+00 8.45037e-01
   286 2.17601e+00 8.45441e-01
   287 2.17697e+00 8.45450e-01
   288 2.17793e+00 8.44948e-01
   289 2.17890e+00 8.44623e-01
   290 2.17986e+00 8.44447e-01
   291 2.18082e+00 8.45760e-01
   292 2.18178e+00 8.45372e-01
   293 2.18275e+00 8.45045e-01
   294 2.18371e+00 8.45217e-01
   295 2.18467e+00 8.45308e-01
   296 2.18564e+00 8.45203e-01
   297 2.18660e+00 8.45297e-01
   298 2.18756e+00 8.44514e-01
   299 2.18852e+00 8.44827e-01
   300 2.18949e+00 8.45352e-01
   301 2.19045e+00 8.44949e-01
   302 2.19141e+00 8.44706e-01
   303 2.19237e+00 8.45011e-01
   304 2.19334e+00 8.44907e-01
   305 2.19430e+00 8.44059e-01
   306 2.19526e+00 8.43378e-01
   307 2.19622e+00 8.43054e-01
   308 2.19719e+00 8.43236e-01
   309 2.19815e+00 8.42839e-01
   310 2.19911e+00 8.41294e-01
   311 2.20008e+00 8.42242e-01
   312 2.20104e+00 8.42731e-01
   313 2.20200e+00 8.42589e-01
   314 2.20296e+00 8.41237e-01
   315 2.20393e+00 8.41628e-01
   316 2.20489e+00 8.41547e-01
   317 2.20585e+00 8.41953e-01
   318 2.20681e+00 8.40752e-01
   319 2.20778e+00 8.40746e-01
   320 2.20874e+00 8.42373e-01
   321 2.20970e+00 8.42515e-01
   322 2.21066e+00 8.42710e-01
   323 2.21163e+00 8.43024e-01
   324 2.21259e+00 8.44055e-01
   325 2.21355e+00 8.45065e-01
   326 2.21452e+00 8.45882e-01
   327 2.21548e+00 8.45343e-01
   328 2.21644e+00 8.46301e-01
   329 2.21740e+00 8.47802e-01
   330 2.21837e+00 8.48399e-01
   331 2.21933e+00 8.48569e-01
   332 2.22029e+00 8.48634e-01
   333 2.22125e+00 8.50389e-01
   334 2.22222e+00 8.50727e-01
   335 2.22318e+00 8.51131e-01
   336 2.22414e+00 8.50798e-01
   337 2.22510e+00 8.52430e-01
   338 2.22607e+00 8.53253e-01
   339 2.22703e+00 8.52778e-01
   340 2.22799e+00 8.53120e-01
   341 2.22896e+00 8.53467e-01
   342 2.22992e+00 8.54592e-01
   343 2.23088e+00 8.53959e-01
   344 2.23184e+00 8.53739e-01
   345 2.23281e+00 8.53418e-01
   346 2.23377e+00 8.54539e-01
   347 2.23473e+00 8.54207e-01
   348 2.23569e+00 8.52924e-01
   349 2.23666e+00 8.52002e-01
   350 2.23762e+00 8.53221e-01
   351 2.23858e+00 8.53953e-01
   352 2.23954e+00 8.52441e-01
   353 2.24051e+00 8.51661e-01
   354 2.24147e+00 8.51629e-01
   355 2.24243e+00 8.51462e-01
   356 2.24340e+00 8.50396e-01
   357 2.24436e+00 8.49838e-01
   358 2.24532e+00 8.49348e-01
   359 2.24628e+00 8.49772e-01
   360 2.24725e+00 8.49007e-01
   361 2.24821e+00 8.46949e-01
   362 2.24917e+00 8.46407e-01
   363 2.25013e+00 8.46468e-01
   364 2.25110e+00 8.47069e-01
   365 2.25206e+00 8.45368e-01
   366 2.25302e+00 8.44775e-01
   367 2.25398e+00 8.44573e-01
   368 2.25495e+00 8.45706e-01
   369 2.25591e+00 8.45031e-01
   370 2.25687e+00 8.43687e-01
   371 2.25784e+00 8.43371e-01
   372 2.25880e+00 8.44188e-01
   373 2.25976e+00 8.44258e-01
   374 2.26072e+00 8.42353e-01
   375 2.26169e+00 8.42021e-01
   376 2.26265e+00 8.43361e-01
   377 2.26361e+00 8.43442e-01
   378 2.26457e+00 8.42490e-01
   379 2.26554e+00 8.41589e-01
   380 2.26650e+00 8.41018e-01
   381 2.26746e+00 8.41322e-01
   382 2.26842e+00 8.40569e-01
   383 2.26939e+00 8.38579e-01
   384 2.27035e+00 8.36892e-01
   385 2.27131e+00 8.35760e-01
   386 2.27228e+00 8.35113e-01
   387 2.27324e+00 8.32357e-01
   388 2.27420e+00 8.28439e-01
   389 2.27516e+00 8.25847e-01
   390 2.27613e+00 8.23730e-01
   391 2.27709e+00 8.19162e-01
   392 2.27805e+00 8.13365e-01
   393 2.27901e+00 8.08304e-01
   394 2.27998e+00 8.04182e-01
   395 2.28094e+00 7.99112e-01
   396 2.28190e+00 7.91764e-01
   397 2.28286e+00 7.83714e-01
   398 2.28383e+00 7.76084e-01
   399 2.28479e+00 7.67766e-01
   400 2.28575e+00 7.57674e-01
   401 2.28672e+00 7.46268e-01
   402 2.28768e+00 7.34518e-01
   403 2.28864e+00 7.23793e-01
   404 2.28960e+00 7.11736e-01
   405 2.29057e+00 6.96836e-01
   406 2.29153e+00 6.81130e-01
   407 2.29249e+00 6.65236e-01
   408 2.29345e+00 6.50631e-01
   409 2.29442e+00 6.33285e-01
   410 2.29538e+00 6.13643e-01
   411 2.29634e+00 5.94967e-01
   412 2.29730e+00 5.77147e-01
   413 2.29827e+00 5.58572e-01
   414 2.29923e+00 5.38080e-01
   415 2.30019e+00 5.16311e-01
   416 2.30116e+00 4.96400e-01
   417 2.30212e+00 4.76421e-01
   418 2.30308e+00 4.55968e-01
   419 2.30404e+00 4.35112e-01
   420 2.30501e+00 4.13363e-01
   421 2.30597e+00 3.93251e-01
   422 2.30693e+00 3.74064e-01
   423 2.30789e+00 3.53437e-01
   424 2.30886e+00 3.33315e-01
   425 2.30982e+00 3.13968e-01
   426 2.31078e+00 2.96015e-01
   427 2.31174e+00 2.78068e-01
   428 2.31271e+00 2.59841e-01
   429 2.31367e+00 2.42494e-01
   430 2.31463e+00 2.27022e-01
   431 2.31560e+00 2.11315e-01
   432 2.31656e+00 1.96980e-01
   433 2.31752e+00 1.82599e-01
   434 2.31848e+00 1.69664e-01
   435 2.31945e+00 1.57370e-01
   436 2.32041e+00 1.46542e-01
   437 2.32137e+00 1.35778e-01
   438 2.32233e+00 1.25309e-01
   439 2.32330e+00 1.15869e-01
   440 2.32426e+00 1.08168e-01
   441 2.32522e+00 1.00159e-01
   442 2.32618e+00 9.27136e-02
   443 2.32715e+00 8.68350e-02
   444 2.32811e+00 8.13932e-02
   445 2.32907e+00 7.62154e-02
   446 2.33004e+00 7.14321e-02
   447 2.33100e+00 6.64181e-02
   448 2.33196e+00 6.27801e-02
   449 2.33292e+00 5.91279e-02
   450 2.33389e+00 5.59626e-02
   451 2.33485e+00 5.30326e-02
   452 2.33581e+00 5.07156e-02
   453 2.33677e+00 4.84172e-02
   454 2.33774e+00 4.64685e-02
   455 2.33870e+00 4.43057e-02
   456 2.33966e+00 4.20830e-02
   457 2.34062e+00 4.13494e-02
   458 2.34159e+00 3.95759e-02
   459 2.34255e+00 3.84231e-02
   460 2.34351e+00 3.79939e-02
   461 2.34448e+00 3.67301e-02
   462 2.34544e+00 3.55300e-02
   463 2.34640e+00 3.51008e-02
   464 2.34736e+00 3.43198e-02
   465 2.34833e+00 3.34623e-02
   466 2.34929e+00 3.29585e-02
   467 2.35025e+00 3.12398e-02
   468 2.35121e+00 3.04604e-02
   469 2.35218e+00 2.98475e-02
   470 2.35314e+00 2.90834e-02
   471 2.35410e+00 2.88185e-02
   472 2.35506e+00 2.76317e-02
   473 2.35603e+00 2.77278e-02
   474 2.35699e+00 2.77764e-02
   475 2.35795e+00 2.69140e-02
   476 2.35892e+00 2.66681e-02
   477 2.35988e+00 2.61692e-02
   478 2.36084e+00 2.61495e-02
   479 2.36180e+00 2.66372e-02
   480 2.36277e+00 2.64235e-02
   481 2.36373e+00 2.60604e-02
   482 2.36469e+00 2.64952e-02
   483 2.36565e+00 2.67348e-02
   484 2.36662e+00 2.65980e-02
   485 2.36758e+00 2.53222e-02
   486 2.36854e+00 2.48501e-02
   487 2.36950e+00 2.58102e-02
   488 2.37047e+00 2.50843e-02
   489 2.37143e+00 2.46448e-02
   490 2.37239e+00 2.52347e-02
   491 2.37336e+00 2.46582e-02
   492 2.37432e+00 2.45323e-02
   493 2.37528e+00 2.48374e-02
   494 2.37624e+00 2.46290e-02
   495 2.37721e+00 2.41144e-02
   496 2.37817e+00 2.41925e-02
   497 2.37913e+00 2.39625e-02
   498 2.38009e+00 2.42674e-02
   499 2.38106e+00 2.43105e-02
   500 2.38202e+00 2.38873e-02
   501 2.38298e+00 2.31950e-02
   502 2.38394e+00 2.33570e-02
   503 2.38491e+00 2.39054e-02
   504 2.38587e+00 2.41953e-02
   505 2.38683e+00 2.41186e-02
   506 2.38779e+00 2.37151e-02
   507 2.38876e+00 2.34602e-02
   508 2.38972e+00 2.32192e-02
   509 2.39068e+00 2.35145e-02
   510 2.39165e+00 2.35521e-02
   511 2.39261e+00 2.28185e-02
   512 2.39357e+00 2.30111e-02
   349 VISTA-Z lambda_c= 8800 AB-Vega= 0.524 w95= 970
     1 7.01000e+02 -1.00000e-04
     2 7.02000e+02 -1.00000e-04
     3 7.03000e+02 -1.00000e-04
     4 7.04000e+02 -1.00000e-04
     5 7.05000e+02 -1.00000e-04
     6 7.06000e+02 -1.00000e-04
     7 7.07000e+02 -1.00000e-04
     8 7.08000e+02 -1.00000e-04
     9 7.09000e+02 -1.00000e-04
    10 7.10000e+02 -1.00000e-04
    11 7.11000e+02 -1.00000e-04
    12 7.12000e+02 -1.00000e-04
    13 7.13000e+02 -1.00000e-04
    14 7.14000e+02 -1.00000e-04
    15 7.15000e+02 -1.00000e-04
    16 7.16000e+02 -1.00000e-04
    17 7.17000e+02 -1.00000e-04
    18 7.18000e+02 -1.00000e-04
    19 7.19000e+02 -1.00000e-04
    20 7.20000e+02 -1.00000e-04
    21 7.21000e+02 -1.00000e-04
    22 7.22000e+02 -1.00000e-04
    23 7.23000e+02 -1.00000e-04
    24 7.24000e+02 -1.00000e-04
    25 7.25000e+02 -1.00000e-04
    26 7.26000e+02 -1.00000e-04
    27 7.27000e+02 -1.00000e-04
    28 7.28000e+02 -1.00000e-04
    29 7.29000e+02 -1.00000e-04
    30 7.30000e+02 -1.00000e-04
    31 7.31000e+02 -1.00000e-04
    32 7.32000e+02 -1.00000e-04
    33 7.33000e+02 -1.00000e-04
    34 7.34000e+02 -1.00000e-04
    35 7.35000e+02 -1.00000e-04
    36 7.36000e+02 -1.00000e-04
    37 7.37000e+02 -1.00000e-04
    38 7.38000e+02 -1.00000e-04
    39 7.39000e+02 -1.00000e-04
    40 7.40000e+02 -1.00000e-04
    41 7.41000e+02 0.00000e+00
    42 7.42000e+02 0.00000e+00
    43 7.43000e+02 -1.00000e-04
    44 7.44000e+02 -1.00000e-04
    45 7.45000e+02 -1.00000e-04
    46 7.46000e+02 0.00000e+00
    47 7.47000e+02 0.00000e+00
    48 7.48000e+02 0.00000e+00
    49 7.49000e+02 0.00000e+00
    50 7.50000e+02 0.00000e+00
    51 7.51000e+02 -1.00000e-04
    52 7.52000e+02 -1.00000e-04
    53 7.53000e+02 0.00000e+00
    54 7.54000e+02 0.00000e+00
    55 7.55000e+02 0.00000e+00
    56 7.56000e+02 0.00000e+00
    57 7.57000e+02 0.00000e+00
    58 7.58000e+02 -1.00000e-04
    59 7.59000e+02 0.00000e+00
    60 7.60000e+02 0.00000e+00
    61 7.61000e+02 0.00000e+00
    62 7.62000e+02 0.00000e+00
    63 7.63000e+02 0.00000e+00
    64 7.64000e+02 0.00000e+00
    65 7.65000e+02 0.00000e+00
    66 7.66000e+02 0.00000e+00
    67 7.67000e+02 0.00000e+00
    68 7.68000e+02 0.00000e+00
    69 7.69000e+02 0.00000e+00
    70 7.70000e+02 0.00000e+00
    71 7.71000e+02 0.00000e+00
    72 7.72000e+02 0.00000e+00
    73 7.73000e+02 0.00000e+00
    74 7.74000e+02 0.00000e+00
    75 7.75000e+02 0.00000e+00
    76 7.76000e+02 0.00000e+00
    77 7.77000e+02 0.00000e+00
    78 7.78000e+02 0.00000e+00
    79 7.79000e+02 0.00000e+00
    80 7.80000e+02 0.00000e+00
    81 7.81000e+02 0.00000e+00
    82 7.82000e+02 0.00000e+00
    83 7.83000e+02 0.00000e+00
    84 7.84000e+02 0.00000e+00
    85 7.85000e+02 0.00000e+00
    86 7.86000e+02 1.00000e-04
    87 7.87000e+02 1.00000e-04
    88 7.88000e+02 1.00000e-04
    89 7.89000e+02 1.00000e-04
    90 7.90000e+02 1.00000e-04
    91 7.91000e+02 1.00000e-04
    92 7.92000e+02 1.00000e-04
    93 7.93000e+02 1.00000e-04
    94 7.94000e+02 2.00000e-04
    95 7.95000e+02 2.00000e-04
    96 7.96000e+02 3.00000e-04
    97 7.97000e+02 3.00000e-04
    98 7.98000e+02 4.00000e-04
    99 7.99000e+02 6.00000e-04
   100 8.00000e+02 7.00000e-04
   101 8.01000e+02 8.00000e-04
   102 8.02000e+02 1.00000e-03
   103 8.03000e+02 1.10000e-03
   104 8.04000e+02 1.20000e-03
   105 8.05000e+02 1.40000e-03
   106 8.06000e+02 1.50000e-03
   107 8.07000e+02 1.70000e-03
   108 8.08000e+02 1.90000e-03
   109 8.09000e+02 2.10000e-03
   110 8.10000e+02 2.50000e-03
   111 8.11000e+02 2.90000e-03
   112 8.12000e+02 3.60000e-03
   113 8.13000e+02 4.30000e-03
   114 8.14000e+02 5.50000e-03
   115 8.15000e+02 7.80000e-03
   116 8.16000e+02 1.04000e-02
   117 8.17000e+02 1.40000e-02
   118 8.18000e+02 1.91000e-02
   119 8.19000e+02 2.65000e-02
   120 8.20000e+02 3.72000e-02
   121 8.21000e+02 5.24000e-02
   122 8.22000e+02 7.31000e-02
   123 8.23000e+02 1.12000e-01
   124 8.24000e+02 1.50000e-01
   125 8.25000e+02 1.96000e-01
   126 8.26000e+02 2.52100e-01
   127 8.27000e+02 3.17800e-01
   128 8.28000e+02 3.89400e-01
   129 8.29000e+02 4.67200e-01
   130 8.30000e+02 5.48100e-01
   131 8.31000e+02 6.55600e-01
   132 8.32000e+02 7.30900e-01
   133 8.33000e+02 7.95400e-01
   134 8.34000e+02 8.47000e-01
   135 8.35000e+02 8.83400e-01
   136 8.36000e+02 9.05100e-01
   137 8.37000e+02 9.14900e-01
   138 8.38000e+02 9.17100e-01
   139 8.39000e+02 9.13500e-01
   140 8.40000e+02 9.11100e-01
   141 8.41000e+02 9.09200e-01
   142 8.42000e+02 9.08700e-01
   143 8.43000e+02 9.10100e-01
   144 8.44000e+02 9.13200e-01
   145 8.45000e+02 9.18000e-01
   146 8.46000e+02 9.24200e-01
   147 8.47000e+02 9.33100e-01
   148 8.48000e+02 9.38600e-01
   149 8.49000e+02 9.40000e-01
   150 8.50000e+02 9.46100e-01
   151 8.51000e+02 9.45900e-01
   152 8.52000e+02 9.45700e-01
   153 8.53000e+02 9.45300e-01
   154 8.54000e+02 9.43900e-01
   155 8.55000e+02 9.42900e-01
   156 8.56000e+02 9.41900e-01
   157 8.57000e+02 9.40800e-01
   158 8.58000e+02 9.39200e-01
   159 8.59000e+02 9.38700e-01
   160 8.60000e+02 9.38500e-01
   161 8.61000e+02 9.38900e-01
   162 8.62000e+02 9.39500e-01
   163 8.63000e+02 9.40300e-01
   164 8.64000e+02 9.42800e-01
   165 8.65000e+02 9.44100e-01
   166 8.66000e+02 9.45600e-01
   167 8.67000e+02 9.46900e-01
   168 8.68000e+02 9.49000e-01
   169 8.69000e+02 9.49600e-01
   170 8.70000e+02 9.49800e-01
   171 8.71000e+02 9.49300e-01
   172 8.72000e+02 9.48700e-01
   173 8.73000e+02 9.47900e-01
   174 8.74000e+02 9.46000e-01
   175 8.75000e+02 9.45100e-01
   176 8.76000e+02 9.44400e-01
   177 8.77000e+02 9.43600e-01
   178 8.78000e+02 9.43500e-01
   179 8.79000e+02 9.43700e-01
   180 8.80000e+02 9.43800e-01
   181 8.81000e+02 9.44000e-01
   182 8.82000e+02 9.44000e-01
   183 8.83000e+02 9.43800e-01
   184 8.84000e+02 9.43500e-01
   185 8.85000e+02 9.43400e-01
   186 8.86000e+02 9.43400e-01
   187 8.87000e+02 9.43800e-01
   188 8.88000e+02 9.44300e-01
   189 8.89000e+02 9.45000e-01
   190 8.90000e+02 9.45800e-01
   191 8.91000e+02 9.47600e-01
   192 8.92000e+02 9.48500e-01
   193 8.93000e+02 9.49200e-01
   194 8.94000e+02 9.50100e-01
   195 8.95000e+02 9.49800e-01
   196 8.96000e+02 9.49100e-01
   197 8.97000e+02 9.45800e-01
   198 8.98000e+02 9.43600e-01
   199 8.99000e+02 9.41000e-01
   200 9.00000e+02 9.38300e-01
   201 9.01000e+02 9.33300e-01
   202 9.02000e+02 9.31600e-01
   203 9.03000e+02 9.30600e-01
   204 9.04000e+02 9.30700e-01
   205 9.05000e+02 9.31600e-01
   206 9.06000e+02 9.32600e-01
   207 9.07000e+02 9.34500e-01
   208 9.08000e+02 9.34900e-01
   209 9.09000e+02 9.34800e-01
   210 9.10000e+02 9.34200e-01
   211 9.11000e+02 9.32100e-01
   212 9.12000e+02 9.31000e-01
   213 9.13000e+02 9.30200e-01
   214 9.14000e+02 9.29500e-01
   215 9.15000e+02 9.29200e-01
   216 9.16000e+02 9.28800e-01
   217 9.17000e+02 9.25200e-01
   218 9.18000e+02 9.20900e-01
   219 9.19000e+02 9.13900e-01
   220 9.20000e+02 9.03000e-01
   221 9.21000e+02 8.65800e-01
   222 9.22000e+02 8.38200e-01
   223 9.23000e+02 8.03900e-01
   224 9.24000e+02 7.14700e-01
   225 9.25000e+02 6.59400e-01
   226 9.26000e+02 5.98800e-01
   227 9.27000e+02 4.70200e-01
   228 9.28000e+02 4.06800e-01
   229 9.29000e+02 3.45800e-01
   230 9.30000e+02 2.35600e-01
   231 9.31000e+02 1.89300e-01
   232 9.32000e+02 1.50200e-01
   233 9.33000e+02 1.18400e-01
   234 9.34000e+02 7.24000e-02
   235 9.35000e+02 5.61000e-02
   236 9.36000e+02 4.33000e-02
   237 9.37000e+02 2.59000e-02
   238 9.38000e+02 2.02000e-02
   239 9.39000e+02 1.58000e-02
   240 9.40000e+02 9.60000e-03
   241 9.41000e+02 7.40000e-03
   242 9.42000e+02 5.70000e-03
   243 9.43000e+02 4.30000e-03
   244 9.44000e+02 2.40000e-03
   245 9.45000e+02 1.70000e-03
   246 9.46000e+02 1.10000e-03
   247 9.47000e+02 0.00000e+00
   248 9.48000e+02 -4.00000e-04
   249 9.49000e+02 -7.00000e-04
   250 9.50000e+02 -1.20000e-03
   251 9.51000e+02 -1.40000e-03
   252 9.52000e+02 -1.70000e-03
   253 9.53000e+02 -1.80000e-03
   254 9.54000e+02 -2.00000e-03
   255 9.55000e+02 -2.00000e-03
   256 9.56000e+02 -2.10000e-03
   257 9.57000e+02 -2.30000e-03
   258 9.58000e+02 -2.40000e-03
   259 9.59000e+02 -2.50000e-03
   260 9.60000e+02 -2.80000e-03
   261 9.61000e+02 -2.90000e-03
   262 9.62000e+02 -2.90000e-03
   263 9.63000e+02 -2.90000e-03
   264 9.64000e+02 -2.90000e-03
   265 9.65000e+02 -2.90000e-03
   266 9.66000e+02 -2.90000e-03
   267 9.67000e+02 -3.00000e-03
   268 9.68000e+02 -3.10000e-03
   269 9.69000e+02 -3.10000e-03
   270 9.70000e+02 -3.10000e-03
   271 9.71000e+02 -3.10000e-03
   272 9.72000e+02 -3.20000e-03
   273 9.73000e+02 -3.20000e-03
   274 9.74000e+02 -3.20000e-03
   275 9.75000e+02 -3.20000e-03
   276 9.76000e+02 -3.20000e-03
   277 9.77000e+02 -3.20000e-03
   278 9.78000e+02 -3.30000e-03
   279 9.79000e+02 -3.40000e-03
   280 9.80000e+02 -3.40000e-03
   281 9.81000e+02 -3.40000e-03
   282 9.82000e+02 -3.30000e-03
   283 9.83000e+02 -3.10000e-03
   284 9.84000e+02 -3.00000e-03
   285 9.85000e+02 -3.00000e-03
   286 9.86000e+02 -2.90000e-03
   287 9.87000e+02 -2.90000e-03
   288 9.88000e+02 -2.90000e-03
   289 9.89000e+02 -3.00000e-03
   290 9.90000e+02 -3.20000e-03
   291 9.91000e+02 -3.20000e-03
   292 9.92000e+02 -3.20000e-03
   293 9.93000e+02 -3.10000e-03
   294 9.94000e+02 -3.20000e-03
   295 9.95000e+02 -3.20000e-03
   296 9.96000e+02 -3.30000e-03
   297 9.97000e+02 -3.40000e-03
   298 9.98000e+02 -3.40000e-03
   299 9.99000e+02 -3.40000e-03
   300 1.00000e+03 -3.40000e-03
   301 1.00100e+03 -3.30000e-03
   302 1.00200e+03 -3.30000e-03
   303 1.00300e+03 -3.30000e-03
   304 1.00400e+03 -3.30000e-03
   305 1.00500e+03 -3.30000e-03
   306 1.00600e+03 -3.30000e-03
   307 1.00700e+03 -3.30000e-03
   308 1.00800e+03 -3.30000e-03
   309 1.00900e+03 -3.20000e-03
   310 1.01000e+03 -3.20000e-03
   311 1.01100e+03 -3.20000e-03
   312 1.01200e+03 -3.20000e-03
   313 1.01300e+03 -3.20000e-03
   314 1.01400e+03 -3.20000e-03
   315 1.01500e+03 -3.20000e-03
   316 1.01600e+03 -3.30000e-03
   317 1.01700e+03 -3.30000e-03
   318 1.01800e+03 -3.40000e-03
   319 1.01900e+03 -3.40000e-03
   320 1.02000e+03 -3.40000e-03
   321 1.02100e+03 -3.40000e-03
   322 1.02200e+03 -3.30000e-03
   323 1.02300e+03 -3.30000e-03
   324 1.02400e+03 -3.30000e-03
   325 1.02500e+03 -3.30000e-03
   326 1.02600e+03 -3.20000e-03
   327 1.02700e+03 -3.20000e-03
   328 1.02800e+03 -3.00000e-03
   329 1.02900e+03 -2.90000e-03
   330 1.03000e+03 -2.90000e-03
   331 1.03100e+03 -2.90000e-03
   332 1.03200e+03 -3.00000e-03
   333 1.03300e+03 -3.20000e-03
   334 1.03400e+03 -3.30000e-03
   335 1.03500e+03 -3.40000e-03
   336 1.03600e+03 -3.50000e-03
   337 1.03700e+03 -3.40000e-03
   338 1.03800e+03 -3.30000e-03
   339 1.03900e+03 -3.20000e-03
   340 1.04000e+03 -3.20000e-03
   341 1.04100e+03 -3.30000e-03
   342 1.04200e+03 -3.30000e-03
   343 1.04300e+03 -3.30000e-03
   344 1.04400e+03 -3.20000e-03
   345 1.04500e+03 -3.20000e-03
   346 1.04600e+03 -3.20000e-03
   347 1.04700e+03 -3.20000e-03
   348 1.04800e+03 -3.20000e-03
   349 1.04900e+03 -3.20000e-03